0.00.00.00.01.00.00.00.01.00.00.01.00.00.00.00.00.00.00.00.00.00.01.01.01.00.00.00.012.321411848068237
12.321411848068237
-17.629939794540405
-21.483052492141724
-8.150995254516602
-21.91342282295227
-14.305362701416016
-24.984559297561646
-21.292174816131592
-24.933817148208618
-14.860362529754639
-24.947571277618408
-4.854136943817139
-24.5752694606781
-14.821271657943726
-0.6131391525268555
-0.3370931148529053
1.0794532299041748
0.4644203186035156
-1.6297836303710938
4.907592535018921
-3.066490888595581
0.019821643829345703
-6.777028799057007
22.996337175369263
-0.008093118667602539
-0.014561653137207031
-0.15780138969421387
0.18601012229919434
5.003495931625366
6.9983038902282715
0.38840174674987793
6.9983038902282715
26.123374223709106
-1.5533132553100586
2.14382266998291
18.322694540023804
18.322694540023804
18.322694540023804
0.41454052925109863
4.756338357925415
4.756338357925415
8.595802068710327
8.595802068710327
8.595802068710327
-1.1157755851745605
8.376903057098389
-1.2475128173828125
-10.390354633331299
-10.625693082809448
5.183031320571899
8.951576232910156
9.085493803024292
8.927355527877808
-0.27144384384155273
-0.3003501892089844
-0.2825016975402832
0.5833644866943359
-26.723273277282715
2.9065253734588623
26.88785433769226
1.9455268383026123
26.88785433769226
-17.87345576286316
1.894744634628296
0.006894826889038086
9.714232921600342
