-143.2552867984772
-19.728268798828125
-0.09219037628173826
-0.09036318778991698
-0.09036318778991698
-0.05616405487060547
0.032202093124389645
0.032202093124389645
0.032202093124389645
0.03976628303527832
0.03976628303527832
0.03976628303527832
0.04069075584411621
0.04069075584411621
0.04069075584411621
0.04069075584411621
0.04069075584411621
0.48372190856933595
0.48372190856933595
0.48372190856933595
0.48372190856933595
0.48372190856933595
0.48372190856933595
0.48372190856933595
0.48372190856933595
