-45.95781000137329
-29.58620245170593
-8.884489631652833
-8.884489631652833
-8.884489631652833
-8.884489631652833
-8.884489631652833
-8.884489631652833
-8.884489631652833
-1.6286454544067381
-1.6286454544067381
-1.1579764232635499
-0.7145336055755616
-0.7145336055755616
-0.41756607627868647
-0.41756607627868647
-0.37373516654968264
-0.26194283485412595
-0.24896174240112307
-0.12963510131835937
-0.12963510131835937
-0.12963510131835937
-0.12963510131835937
-0.12963510131835937
-0.12963510131835937
