-4.667042551040649
-1.2459018344879151
0.055773399353027345
0.055773399353027345
0.055773399353027345
0.055773399353027345
0.055773399353027345
0.055773399353027345
0.055773399353027345
0.05923032569885253
0.05923032569885253
0.06478387069702149
0.06478387069702149
0.06478387069702149
0.06478387069702149
0.17441716575622557
0.23405911827087403
0.23405911827087403
0.23405911827087403
0.23405911827087403
0.23405911827087403
0.23405911827087403
0.23405911827087403
0.23405911827087403
0.23405911827087403
