-4.699046524047851
0.009850898742675779
0.011367935180664063
0.012093515396118165
0.012093515396118165
0.012093515396118165
0.012093515396118165
0.012093515396118165
0.012093515396118165
0.36636322975158686
0.36636322975158686
0.37566439247131345
0.37566439247131345
0.37566439247131345
0.37566439247131345
0.37566439247131345
0.37566439247131345
0.37566439247131345
0.37566439247131345
0.3850778522491455
0.3850778522491455
0.3850778522491455
0.3850778522491455
0.3850778522491455
0.3850778522491455
