-53.564167091369626
-0.79029372215271
-0.79029372215271
-0.48023425102233885
-0.11832268714904784
-0.039536228179931646
0.025542531967163086
0.025542531967163086
0.08069244194030761
0.08069244194030761
0.09257546424865723
0.09257546424865723
0.09257546424865723
0.09257546424865723
0.09257546424865723
0.09257546424865723
0.09257546424865723
0.09257546424865723
0.09257546424865723
0.09257546424865723
0.09257546424865723
0.09257546424865723
0.09257546424865723
0.09257546424865723
0.09257546424865723
