-4.574293487548828
-1.075635051727295
0.012008565902709961
0.012008565902709961
0.012008565902709961
0.012008565902709961
0.012008565902709961
0.012008565902709961
0.012008565902709961
0.012008565902709961
0.012008565902709961
0.012008565902709961
0.012008565902709961
0.012008565902709961
0.012008565902709961
0.012008565902709961
0.012008565902709961
0.012008565902709961
0.012008565902709961
0.012008565902709961
0.01418404197692871
0.01418404197692871
0.03295313262939453
0.03295313262939453
0.03295313262939453
