-2.1253986587524416
0.0017774028778076156
0.01138854217529297
0.01138854217529297
0.015759159088134765
0.015759159088134765
0.015759159088134765
0.015759159088134765
0.015759159088134765
0.015759159088134765
0.015759159088134765
0.015759159088134765
0.015759159088134765
0.015759159088134765
0.015759159088134765
0.015759159088134765
0.015759159088134765
0.015759159088134765
0.015759159088134765
0.015759159088134765
0.015759159088134765
0.015759159088134765
0.015759159088134765
0.015759159088134765
13.804597782135009
