-7.754243719100952
-7.754243719100952
-7.754243719100952
-5.1653740234375
-0.46783428001403804
-0.026343629837036128
0.010929441452026366
0.010929441452026366
0.01138658332824707
0.012027359008789061
0.012027359008789061
0.012027359008789061
0.012027359008789061
0.012027359008789061
0.012027359008789061
0.012027359008789061
0.012027359008789061
0.012027359008789061
0.012027359008789061
0.012027359008789061
0.017348934173583984
0.0176790714263916
0.0176790714263916
0.0882530345916748
0.0882530345916748
