-212.3757712650299
-20.03161788749695
-1.9728939208984375
-0.24766767311096194
-0.1601039619445801
-0.010724672317504888
0.025501855850219725
0.025501855850219725
0.025501855850219725
0.025501855850219725
0.025501855850219725
0.025501855850219725
0.025501855850219725
0.025501855850219725
0.025501855850219725
0.025501855850219725
0.0828479518890381
0.0895617961883545
0.0895617961883545
0.0895617961883545
0.0895617961883545
0.0895617961883545
0.0895617961883545
0.0895617961883545
0.0895617961883545
