-1.1542505435943604
-0.057232553482055665
0.008810295104980471
0.0091246337890625
0.0091246337890625
0.016190128326416017
0.016190128326416017
0.016190128326416017
0.016190128326416017
0.016190128326416017
0.016190128326416017
0.016190128326416017
0.016190128326416017
0.016190128326416017
0.016190128326416017
0.018866727828979492
0.01955630683898926
0.01955630683898926
0.020754432678222655
0.020754432678222655
0.9912081871032715
0.9912081871032715
0.9912081871032715
0.9912081871032715
1.0000919017791747
