-10.043950588226318
-1.0769830665588378
-0.1450837345123291
-0.0888614044189453
0.02826793670654297
0.02826793670654297
0.02826793670654297
0.02826793670654297
0.03318781852722169
0.06977847862243652
0.06977847862243652
0.06977847862243652
0.06977847862243652
0.09499318504333495
0.09781954383850097
0.09781954383850097
0.09781954383850097
0.09781954383850097
0.11982224464416502
0.11982224464416502
0.11982224464416502
0.12481606674194334
0.12904491233825682
0.12904491233825682
0.12904491233825682
