-105.3045073261261
0.010111831665039064
0.011473989486694335
0.011473989486694335
0.011473989486694335
0.011473989486694335
0.011473989486694335
0.011473989486694335
0.011473989486694335
0.012530527114868163
0.015020000457763673
0.015020000457763673
0.015020000457763673
0.015020000457763673
0.015020000457763673
0.015020000457763673
12.099321155548095
12.099321155548095
12.099321155548095
12.099321155548095
12.099321155548095
12.099321155548095
12.099321155548095
12.099321155548095
12.099321155548095
