-520.6938964290619
-3.9789417991638185
-1.3460233535766601
-0.02090105056762695
-0.02090105056762695
-0.02090105056762695
0.011865327835083008
0.011865327835083008
0.011865327835083008
0.011865327835083008
0.011865327835083008
0.023032926559448243
0.024118518829345702
0.16271164321899415
0.16271164321899415
0.16271164321899415
0.16271164321899415
0.16271164321899415
0.16271164321899415
0.16271164321899415
0.16271164321899415
0.16271164321899415
0.16271164321899415
0.16271164321899415
0.16271164321899415
