-1.5881421546936036
-1.0278830699920654
-1.0278830699920654
-1.0278830699920654
-1.0278830699920654
-0.9696002712249756
-0.9696002712249756
-0.3835015544891357
-0.26778473472595216
-0.2055212116241455
-0.18870952987670897
-0.15914169120788574
-0.15173317718505858
-0.1401970386505127
-0.1401970386505127
0.011506582260131834
0.014070608139038085
0.023858924865722657
0.023858924865722657
0.023858924865722657
0.024318761825561523
0.024318761825561523
0.024318761825561523
0.024318761825561523
0.02705668830871582
