-3.2123941307067874
-0.17762339019775392
-0.13607030105590823
-0.05387552452087402
-0.004575792312622076
0.0421765193939209
0.042547664642333984
0.042547664642333984
0.042547664642333984
0.042547664642333984
0.043946943283081054
0.043946943283081054
0.043946943283081054
0.043946943283081054
0.043946943283081054
0.12249206733703613
0.12249206733703613
0.12249206733703613
0.1268709659576416
0.13135330772399903
0.13135330772399903
0.13135330772399903
0.13135330772399903
0.13135330772399903
0.13135330772399903
