-46.86702225112915
-19.823059814453124
0.011837453842163087
0.011837453842163087
0.011837453842163087
0.011837453842163087
0.01197969627380371
0.01197969627380371
0.01197969627380371
0.01197969627380371
0.012260408401489259
0.012260408401489259
0.012260408401489259
0.01253044319152832
0.01275789451599121
0.01275789451599121
0.01275789451599121
0.01275789451599121
0.01275789451599121
0.01275789451599121
1.374975872039795
1.3769461174011228
1.3769461174011228
1.3769461174011228
1.3769461174011228
