-13.241170091629028
-1.6843275737762453
0.02196268653869629
0.02196268653869629
0.02196268653869629
0.02196268653869629
0.051873369216918944
0.051873369216918944
0.051873369216918944
0.051873369216918944
0.051873369216918944
0.051873369216918944
0.051873369216918944
0.06024258232116699
0.06024258232116699
0.06024258232116699
0.06024258232116699
0.06024258232116699
0.06024258232116699
0.06024258232116699
0.06024258232116699
0.06024258232116699
0.06024258232116699
0.5893821182250977
0.5893821182250977
