-121.34655039405823
-10.811076898574829
-1.423612043380737
-0.3185983066558838
-0.17655552864074708
-0.17253058815002442
0.017110029220581052
0.017110029220581052
0.017110029220581052
0.017110029220581052
0.017110029220581052
0.017110029220581052
0.017110029220581052
0.017110029220581052
0.017110029220581052
0.017110029220581052
0.017110029220581052
0.017110029220581052
0.017110029220581052
0.017110029220581052
0.017110029220581052
0.017110029220581052
0.2304616355895996
0.2304616355895996
0.2304616355895996
