-196.79288479423522
-13.368851312637329
-0.08660084152221681
-0.0338190746307373
-0.0338190746307373
-0.03053692436218261
-0.03053692436218261
-0.03053692436218261
-0.03053692436218261
-0.03053692436218261
0.030691959381103515
0.04833452796936035
0.04833452796936035
0.04833452796936035
0.04833452796936035
0.04833452796936035
0.04833452796936035
0.04833452796936035
0.36480881118774416
0.3713248233795166
0.38468173599243166
0.38468173599243166
0.38468173599243166
2.4008358421325653
2.4008358421325653
