-33.52521842765808
-1.6125625591278077
-1.1782265014648436
-0.2830047149658203
-0.21816411590576174
0.019583187103271484
0.021088436126708986
0.02406783866882324
0.02406783866882324
0.024404008865356444
0.024404008865356444
0.024404008865356444
0.024404008865356444
0.024404008865356444
0.024404008865356444
0.024404008865356444
0.024404008865356444
0.024404008865356444
0.024404008865356444
0.024404008865356444
0.024404008865356444
0.024404008865356444
0.30888788986206056
0.30888788986206056
0.30888788986206056
