-0.10719594001770022
0.03905644798278808
0.03966243553161621
0.03966243553161621
0.03966243553161621
0.03966243553161621
0.05407701683044434
0.055215299606323244
0.055215299606323244
0.055215299606323244
0.055215299606323244
0.055215299606323244
0.055215299606323244
0.055215299606323244
0.055215299606323244
0.055215299606323244
0.055215299606323244
0.055215299606323244
0.055215299606323244
0.055215299606323244
0.055215299606323244
1.6371843338012695
1.6371843338012695
1.6371843338012695
1.6371843338012695
