-4.94958296585083
-0.8253138580322266
-0.11745302963256837
0.012093162536621092
0.012093162536621092
0.012093162536621092
0.012093162536621092
0.012093162536621092
0.012093162536621092
0.012093162536621092
0.012093162536621092
0.012093162536621092
0.012093162536621092
0.012093162536621092
0.054720260620117187
0.054720260620117187
0.054720260620117187
0.054720260620117187
0.05621323776245117
0.07751767730712891
0.07751767730712891
0.07751767730712891
0.07751767730712891
0.07751767730712891
0.07751767730712891
