-2.2812287998199463
-0.04057770156860352
0.014095558166503909
0.014095558166503909
0.014095558166503909
0.01904106330871582
0.01904106330871582
0.01904106330871582
0.01904106330871582
0.01904106330871582
0.01904106330871582
0.01904106330871582
0.01904106330871582
0.01904106330871582
0.01904106330871582
0.01904106330871582
0.01904106330871582
0.01904106330871582
0.01904106330871582
0.01904106330871582
0.01904106330871582
0.01904106330871582
0.22123591232299805
0.22123591232299805
0.3969773006439209
