-11.93067449760437
0.011670986175537107
0.011670986175537107
0.011670986175537107
0.25249892044067385
0.25249892044067385
0.45314444160461426
0.45314444160461426
0.45314444160461426
0.45314444160461426
0.45314444160461426
0.45314444160461426
0.45314444160461426
0.45314444160461426
0.45314444160461426
0.45314444160461426
0.45314444160461426
0.45314444160461426
0.45314444160461426
0.45314444160461426
0.45314444160461426
0.45314444160461426
0.45314444160461426
0.45314444160461426
0.45314444160461426
