-44.184799020767215
0.026525854110717777
0.026525854110717777
0.028163280487060544
0.028163280487060544
0.028163280487060544
0.028177585601806637
0.18317277336120608
0.18317277336120608
0.18317277336120608
0.19295457839965818
0.19295457839965818
0.19295457839965818
0.19295457839965818
0.19295457839965818
0.21308768081665042
0.21308768081665042
0.21308768081665042
0.21308768081665042
0.21308768081665042
0.21308768081665042
0.21308768081665042
0.21308768081665042
0.21308768081665042
0.21308768081665042
