-27.417898012161256
-12.963917415618896
-0.05213394737243651
-0.05213394737243651
-0.05213394737243651
-0.05213394737243651
0.01044928741455078
0.01044928741455078
0.01044928741455078
0.01044928741455078
0.01044928741455078
0.01044928741455078
0.01044928741455078
0.01044928741455078
0.01044928741455078
0.01044928741455078
0.01044928741455078
0.01044928741455078
0.04345588302612305
0.04382805442810059
0.04382805442810059
0.04382805442810059
0.04382805442810059
0.11382870483398438
0.11382870483398438
