-14.267668869018554
0.010874979019165038
0.014821479797363282
0.01569552230834961
0.01569552230834961
0.01569552230834961
0.01569552230834961
0.01569552230834961
0.01569552230834961
0.01569552230834961
0.01569552230834961
0.01569552230834961
0.01569552230834961
0.01569552230834961
0.01569552230834961
0.01569552230834961
0.01569552230834961
0.01569552230834961
0.01569552230834961
0.01569552230834961
0.01569552230834961
0.01569552230834961
0.01569552230834961
0.01569552230834961
0.01569552230834961
