-1.3978236389160155
-1.2655219173431396
-0.4338324279785156
-0.4192148723602295
-0.41479017639160154
-0.41479017639160154
-0.41479017639160154
-0.41479017639160154
-0.15474852180480958
-0.15474852180480958
-0.15474852180480958
-0.016181417465209957
-0.016181417465209957
-0.014243644714355463
-0.0006281356811523309
-0.0006281356811523309
0.06163575744628906
0.10205163574218751
0.10205163574218751
0.36616516876220706
0.3999517021179199
0.3999517021179199
0.3999517021179199
0.4440398063659668
0.4440398063659668
