-12.06728381729126
-7.359430644989013
0.010545421600341796
0.010545421600341796
0.010545421600341796
0.010545421600341796
0.010545421600341796
0.010545421600341796
0.010545421600341796
0.011653425216674805
0.011653425216674805
0.011653425216674805
0.011653425216674805
0.011653425216674805
0.011653425216674805
0.011653425216674805
0.011653425216674805
0.011653425216674805
0.011653425216674805
0.011653425216674805
397.3895684604645
397.3895684604645
397.3895684604645
397.3895684604645
397.3895684604645
