-317.558387468338
-10.636700674057007
-1.698662767410278
0.013656784057617187
0.013656784057617187
0.013656784057617187
0.013656784057617187
0.013656784057617187
0.013656784057617187
0.013656784057617187
0.18624777603149414
0.18624777603149414
0.18624777603149414
0.18624777603149414
0.18624777603149414
0.18624777603149414
0.18624777603149414
0.18624777603149414
0.18624777603149414
0.18624777603149414
0.18624777603149414
0.18624777603149414
0.18624777603149414
0.18624777603149414
0.27747330665588377
