-14.375213470458984
-0.08320435333251952
0.010610074996948243
0.010610074996948243
0.019096387863159182
0.019168939590454098
0.019168939590454098
0.019168939590454098
0.019168939590454098
0.019168939590454098
0.019168939590454098
0.019168939590454098
0.019168939590454098
0.019168939590454098
0.019168939590454098
0.019168939590454098
0.019168939590454098
0.019168939590454098
0.019168939590454098
0.019168939590454098
0.01947633361816406
18.818398658752443
18.818398658752443
18.818398658752443
18.818398658752443
