-4.727939405441284
0.009822816848754884
0.026813179016113284
0.02779577445983887
0.03275322151184082
0.033222118377685544
0.033222118377685544
0.033222118377685544
0.033222118377685544
0.033222118377685544
0.033222118377685544
0.033222118377685544
0.033222118377685544
0.033222118377685544
0.033222118377685544
0.033222118377685544
0.033222118377685544
0.033222118377685544
0.033222118377685544
0.4903508338928223
0.6110842304229737
0.6110842304229737
0.6110842304229737
0.8973961563110352
0.8973961563110352
