-3.9286616649627684
-3.136960708618164
-3.136960708618164
-2.706624910354614
-2.2529562339782716
-2.2529562339782716
-1.7814791984558105
-1.7814791984558105
-1.7814791984558105
-1.6464927024841307
-1.6464927024841307
-1.6464927024841307
-1.6464927024841307
-1.6464927024841307
-1.6464927024841307
-1.6464927024841307
-1.6464927024841307
-0.667410150527954
-0.5855805473327637
-0.2927454605102539
-0.27406390571594236
-0.24805479431152344
0.018908349990844724
0.018908349990844724
0.018908349990844724
