-20.513976736068727
-7.038802619934081
-7.038802619934081
-7.038802619934081
-3.9251494979858395
-2.072936113357544
-2.072936113357544
-0.5504675464630127
-0.5169087924957275
-0.5169087924957275
-0.48653365707397456
-0.42741793060302735
-0.32481248474121094
-0.24680996513366704
-0.24680996513366704
-0.23595795059204105
-0.23595795059204105
-0.23595795059204105
0.09099143981933588
0.09099143981933588
0.09099143981933588
0.09099143981933588
0.09099143981933588
0.09099143981933588
0.09099143981933588
