-3.0602244300842285
0.05051162147521973
0.050663961410522464
0.050663961410522464
0.050663961410522464
0.050663961410522464
0.050663961410522464
0.05084340667724609
0.05084340667724609
0.05084340667724609
0.05084340667724609
0.05084340667724609
0.05084340667724609
0.05084340667724609
0.05084340667724609
0.17983888816833496
0.17983888816833496
0.19468898582458496
0.19468898582458496
0.19468898582458496
0.19468898582458496
0.19468898582458496
0.19468898582458496
0.19468898582458496
0.19468898582458496
