-38.126733304977414
0.13307073402404784
0.13307073402404784
0.18083587265014647
0.18278472709655763
0.18278472709655763
0.19730685424804686
0.19730685424804686
0.19730685424804686
0.19730685424804686
0.19730685424804686
0.19730685424804686
0.19730685424804686
0.19730685424804686
0.19730685424804686
0.19730685424804686
0.19730685424804686
0.19730685424804686
0.19730685424804686
0.19730685424804686
0.19730685424804686
0.19730685424804686
0.19730685424804686
0.19730685424804686
0.19730685424804686
