-38.25726753997803
-10.50954037475586
-7.958483631134033
-3.7378760433197025
-3.7378760433197025
-3.7378760433197025
-3.7378760433197025
-3.1740444793701172
-2.697035036087036
-2.072911901473999
-1.3547537574768067
-1.3547537574768067
-1.3547537574768067
-1.3509146385192872
-1.3509146385192872
-1.3509146385192872
-1.3509146385192872
-0.3751559219360352
-0.08991922187805176
0.054580053329467776
0.054580053329467776
0.054580053329467776
0.054580053329467776
0.08549187660217286
0.12081145477294922
