-1.0371499538421631
-0.26727953338623045
-0.060587486267089846
0.008943363189697264
0.008943363189697264
0.008943363189697264
0.008943363189697264
0.008943363189697264
0.008943363189697264
0.008943363189697264
0.008943363189697264
0.008943363189697264
0.008943363189697264
0.008943363189697264
0.008943363189697264
0.022760736465454103
0.022760736465454103
0.022760736465454103
0.022760736465454103
0.022760736465454103
0.022760736465454103
0.022760736465454103
0.022760736465454103
0.022760736465454103
0.022760736465454103
