-5.008170921325684
-5.008170921325684
-5.008170921325684
-3.0708170795440672
-1.0669100971221923
-0.8668005676269532
-0.5487519474029541
-0.5487519474029541
-0.5487519474029541
-0.5487519474029541
-0.5340215854644775
-0.3348016796112061
-0.3348016796112061
-0.3234418754577637
-0.3234418754577637
-0.306931978225708
-0.2668352317810059
-0.14370414543151855
-0.11536859893798829
-0.11536859893798829
-0.11536859893798829
-0.11536859893798829
-0.11536859893798829
-0.10737884140014647
-0.10737884140014647
