-1.5977397480010986
-1.0362170333862304
-0.010078876495361322
0.0032888298034667862
0.0032888298034667862
0.029716630935668946
0.029716630935668946
0.029716630935668946
0.03259504699707031
0.03259504699707031
0.03259504699707031
0.16529309463500977
0.16529309463500977
0.16529309463500977
0.16529309463500977
0.16529309463500977
0.16529309463500977
0.1659479579925537
0.1659479579925537
0.1659479579925537
0.1659479579925537
0.1715103359222412
0.1715103359222412
0.1715103359222412
0.1715103359222412
