-56.81133442115784
-2.4144890480041505
-0.06233788299560547
0.012829723358154299
0.02551132011413574
0.028789793014526367
0.028789793014526367
0.028789793014526367
0.03287702369689941
0.03287702369689941
0.03287702369689941
0.03287702369689941
0.03287702369689941
0.03287702369689941
0.03287702369689941
0.03287702369689941
0.03287702369689941
0.03287702369689941
0.04560611915588379
0.04560611915588379
0.04560611915588379
0.04560611915588379
0.04560611915588379
0.04560611915588379
0.04560611915588379
