-40.42399971199036
-3.237669149398804
-3.237669149398804
-0.09805716705322265
0.010648916244506836
0.010648916244506836
0.010648916244506836
0.010648916244506836
0.010648916244506836
0.010648916244506836
0.010648916244506836
0.010648916244506836
0.010648916244506836
0.010648916244506836
0.010648916244506836
0.010648916244506836
0.010648916244506836
0.010648916244506836
0.010648916244506836
0.010648916244506836
0.010648916244506836
0.010655426025390626
0.011990238189697265
0.011990238189697265
13.811289888381959
