-51.29060042381287
-4.872777500152587
-4.872777500152587
-1.708832235336304
0.012363124847412109
0.012363124847412109
0.031069261550903324
0.031069261550903324
0.031069261550903324
0.031069261550903324
0.031069261550903324
0.031069261550903324
0.031069261550903324
0.031069261550903324
0.031069261550903324
0.031069261550903324
0.031069261550903324
0.031069261550903324
0.031069261550903324
0.031069261550903324
0.031069261550903324
0.031069261550903324
0.031069261550903324
0.031069261550903324
0.031069261550903324
