-17.704286209106442
-0.26779654693603516
-0.1284621753692627
0.04010335540771484
0.041317216873168944
0.041317216873168944
0.041317216873168944
0.041317216873168944
0.041317216873168944
0.041317216873168944
0.041317216873168944
0.041317216873168944
0.041317216873168944
0.16392154502868653
0.16392154502868653
0.16392154502868653
0.16392154502868653
0.16392154502868653
0.16392154502868653
0.16392154502868653
0.16392154502868653
0.16392154502868653
0.16392154502868653
0.16392154502868653
0.16392154502868653
