-27.614734443664553
-1.4644086761474608
-0.8901780738830567
0.030391874313354494
0.030391874313354494
0.030391874313354494
0.030391874313354494
0.030391874313354494
0.030391874313354494
0.030391874313354494
0.030391874313354494
0.030391874313354494
0.030391874313354494
0.06928125953674316
0.06928125953674316
0.06928125953674316
0.06928125953674316
0.06928125953674316
0.06928125953674316
0.06928125953674316
0.06928125953674316
0.06928125953674316
0.06928125953674316
0.06928125953674316
0.06928125953674316
