-21.546898662567138
-0.02337221717834473
0.020949480056762695
0.020949480056762695
0.020949480056762695
0.020949480056762695
0.020949480056762695
0.020949480056762695
0.020949480056762695
0.020949480056762695
0.020949480056762695
0.020949480056762695
0.020949480056762695
0.020949480056762695
0.020949480056762695
0.020949480056762695
0.020949480056762695
0.020949480056762695
0.020949480056762695
0.020949480056762695
0.020949480056762695
0.020949480056762695
0.020949480056762695
0.020949480056762695
0.020949480056762695
