-93.36035669326782
-4.678435396194458
-1.8097950267791747
-0.6232553462982178
-0.18716621017456053
-0.14691391372680665
0.0112464656829834
0.0112464656829834
0.0112464656829834
0.0112464656829834
0.0112464656829834
0.011718534469604493
0.011718534469604493
0.011718534469604493
0.011718534469604493
0.011718534469604493
0.011718534469604493
0.011718534469604493
0.011718534469604493
0.011718534469604493
0.012270545959472655
0.012270545959472655
0.05636033630371093
0.05838949394226074
0.061489795684814455
