-23.28607361793518
-0.3468197402954102
0.0071928348541259735
0.01716060447692871
0.017868707656860352
0.017868707656860352
0.017868707656860352
0.017868707656860352
0.017868707656860352
0.017868707656860352
0.017868707656860352
0.017868707656860352
0.017868707656860352
0.09064746284484863
0.09064746284484863
0.09064746284484863
0.09064746284484863
0.09064746284484863
0.09064746284484863
0.09064746284484863
0.09064746284484863
0.09064746284484863
0.09064746284484863
0.09064746284484863
0.09064746284484863
