-11.551676288604737
-6.397407337188721
-0.7063124694824219
-0.021372413635253912
0.008157037734985353
0.008157037734985353
0.008157037734985353
0.009639596939086913
0.009639596939086913
0.010243749618530272
0.01096973419189453
0.01096973419189453
0.17866430282592774
0.17866430282592774
0.17866430282592774
0.1798118839263916
0.1798118839263916
0.1798118839263916
0.1798118839263916
0.1798118839263916
0.1798118839263916
0.17988834381103516
0.17988834381103516
0.17988834381103516
0.17988834381103516
