-52.78546593475342
-1.5703787593841554
-0.17185405921936037
0.018297416687011722
0.018297416687011722
0.018297416687011722
0.42000667572021483
0.42000667572021483
0.42000667572021483
0.42000667572021483
0.42000667572021483
0.42000667572021483
0.42000667572021483
0.42000667572021483
0.42000667572021483
0.42000667572021483
0.42000667572021483
0.48458102798461916
0.48458102798461916
0.48458102798461916
0.48458102798461916
0.48458102798461916
0.48458102798461916
0.48458102798461916
0.48458102798461916
