-8.516994539260864
-0.5688307857513428
0.010973859786987304
0.010973859786987304
0.010973859786987304
0.010973859786987304
0.01176064109802246
0.01176064109802246
0.01176064109802246
0.012496950149536133
0.012496950149536133
0.012496950149536133
0.012496950149536133
0.012496950149536133
0.012496950149536133
0.012496950149536133
0.012496950149536133
0.012496950149536133
0.19584412384033204
0.19584412384033204
0.19584412384033204
0.19584412384033204
0.19584412384033204
1.002421588897705
1.0176386547088623
