-19.211211688995363
-0.8898419456481934
-0.6679358596801758
-0.4846451206207275
-0.39889099693298335
-0.39889099693298335
-0.39889099693298335
-0.21782178688049314
-0.01327121734619141
0.024453622817993168
0.05481755638122559
0.05537395286560059
0.057249021530151364
0.057249021530151364
0.06476938438415528
0.06566717529296875
0.06566717529296875
0.06566717529296875
0.06566717529296875
0.06566717529296875
0.06566717529296875
0.06566717529296875
0.06566717529296875
0.06566717529296875
0.12529284286499023
