-319.0351270446777
-6.293505514144898
-2.331825496673584
-1.41799729347229
-0.041964603424072267
0.010460462570190426
0.010460462570190426
0.010460462570190426
0.010460462570190426
0.010460462570190426
0.010460462570190426
0.17398573303222653
0.38776852035522463
0.38776852035522463
0.38776852035522463
0.42611309814453124
0.42611309814453124
0.42611309814453124
0.46274437713623046
0.46274437713623046
0.46274437713623046
0.46274437713623046
0.46274437713623046
0.46274437713623046
0.46274437713623046
