-5.23471139717102
-3.2074931564331055
-1.9427337036132815
-0.7890670070648191
-0.7043856544494629
-0.17937096786499024
0.012643339157104493
0.012643339157104493
0.012643339157104493
0.012643339157104493
0.012643339157104493
0.012885168075561525
0.012885168075561525
0.012885168075561525
0.058751482009887696
0.058751482009887696
0.058751482009887696
0.058751482009887696
0.058751482009887696
0.058751482009887696
0.058751482009887696
0.058751482009887696
0.058751482009887696
0.058751482009887696
0.14944388008117676
