-1.3749493579864502
0.07530188941955566
0.07677760696411133
0.07677760696411133
0.07677760696411133
0.07677760696411133
0.07677760696411133
0.07677760696411133
0.07677760696411133
0.07677760696411133
0.07677760696411133
0.07677760696411133
0.07677760696411133
0.07677760696411133
0.07677760696411133
0.07677760696411133
0.07677760696411133
0.07677760696411133
0.07677760696411133
0.07677760696411133
0.07677760696411133
0.07677760696411133
0.07677760696411133
0.07677760696411133
0.07677760696411133
