-1.6585904579162598
0.22142153358459474
0.22142153358459474
0.22142153358459474
0.22142153358459474
0.22142153358459474
0.22142153358459474
0.22187388610839845
0.22187388610839845
0.22187388610839845
0.22187388610839845
0.22187388610839845
0.22187388610839845
0.22187388610839845
0.22187388610839845
0.22187388610839845
0.22187388610839845
0.22187388610839845
0.22187388610839845
0.22187388610839845
0.22187388610839845
0.22187388610839845
0.22187388610839845
0.22187388610839845
0.22187388610839845
