0.23959620038947757
0.23959620038947757
0.23959620038947757
0.23959620038947757
0.23959620038947757
0.23959620038947757
0.2777600067979676
0.2777600067979676
0.2777600067979676
0.40048504660960044
0.42696946090339666
0.42696946090339666
0.8115330520393812
0.8115330520393812
0.8115330520393812
0.8115330520393812
0.8115330520393812
0.8115330520393812
0.8115330520393812
0.8115330520393812
0.8115330520393812
0.8115330520393812
0.8115330520393812
0.8115330520393812
0.8115330520393812
0.8270042194092827
0.8270042194092827
0.8270042194092827
0.8270042194092827
0.8270042194092827
0.8270042194092827
0.8270042194092827
0.8270042194092827
0.8270042194092827
0.8270042194092827
0.8270042194092827
0.8270042194092827
0.8298171589310831
0.8298171589310831
0.8298171589310831
0.8298171589310831
0.8298171589310831
0.8298171589310831
0.8298171589310831
0.8298171589310831
0.8298171589310831
0.8298171589310831
0.8298171589310831
0.8298171589310831
0.8298171589310831
