0.043776930255626255
0.043776930255626255
0.043776930255626255
0.043776930255626255
0.050146731144566914
0.05497252489834755
0.06548060288016051
0.06548060288016051
0.14470165926050088
0.14470165926050088
0.14470165926050088
0.14470165926050088
0.6905901116427432
0.6905901116427432
0.6905901116427432
0.6905901116427432
0.6905901116427432
0.6905901116427432
0.6905901116427432
0.6905901116427432
0.6905901116427432
0.6905901116427432
0.6905901116427432
0.9202551834130781
0.9202551834130781
0.9202551834130781
0.9202551834130781
0.9202551834130781
0.9202551834130781
0.9202551834130781
0.9202551834130781
0.9202551834130781
0.9202551834130781
0.9202551834130781
0.9202551834130781
0.9202551834130781
0.9202551834130781
0.9202551834130781
0.9202551834130781
0.9202551834130781
0.9202551834130781
0.9202551834130781
0.9202551834130781
0.9202551834130781
0.9202551834130781
0.9202551834130781
0.9202551834130781
0.9202551834130781
0.9202551834130781
0.9202551834130781
