0.06583295323550252
0.0676212503180065
0.07732447672153969
0.07732447672153969
0.10321802692655464
0.184722978031893
0.3212667351718402
0.3212667351718402
0.3212667351718402
0.3212667351718402
0.3212667351718402
0.3396334829811118
0.3396334829811118
0.3396334829811118
0.3840354599150777
0.3840354599150777
0.4266190411362472
0.4266190411362472
0.4266190411362472
0.4266190411362472
0.4266190411362472
0.4266190411362472
0.4266190411362472
0.4266190411362472
0.4266190411362472
0.861236802413273
0.861236802413273
0.861236802413273
0.861236802413273
0.861236802413273
0.861236802413273
0.861236802413273
0.861236802413273
0.861236802413273
0.861236802413273
0.861236802413273
0.861236802413273
0.861236802413273
0.861236802413273
0.861236802413273
0.861236802413273
0.861236802413273
0.861236802413273
0.861236802413273
0.861236802413273
0.861236802413273
0.861236802413273
0.861236802413273
0.861236802413273
0.861236802413273
