0.032800515598218775
0.06290149221174211
0.07930460029178195
0.15932031083006556
0.21786626275054025
0.2580931397297936
0.2684638353584314
0.2684638353584314
0.3208929026660447
0.3208929026660447
0.3208929026660447
0.3208929026660447
0.3208929026660447
0.3208929026660447
0.3646778408027185
0.3646778408027185
0.3646778408027185
0.3646778408027185
0.3646778408027185
0.3646778408027185
0.3646778408027185
0.3646778408027185
0.5387736286948768
0.5387736286948768
0.5387736286948768
0.5387736286948768
0.5387736286948768
0.5387736286948768
0.5387736286948768
0.5387736286948768
0.5387736286948768
0.5387736286948768
0.5387736286948768
0.5387736286948768
0.5387736286948768
0.5387736286948768
0.5387736286948768
0.5387736286948768
0.5387736286948768
0.5387736286948768
0.5744045733620833
0.5744045733620833
0.5744045733620833
0.603317588557062
0.7140392815909805
0.7140392815909805
0.7140392815909805
0.7140392815909805
0.7140392815909805
0.7140392815909805
