0.03306807430348314
0.048635790904255315
0.1310907690629511
0.3706529558959477
0.3706529558959477
0.3706529558959477
0.6030233906073514
0.9119241192411923
0.9119241192411923
0.9119241192411923
0.9119241192411923
0.975609756097561
0.975609756097561
0.975609756097561
0.975609756097561
0.975609756097561
0.975609756097561
0.975609756097561
0.975609756097561
0.975609756097561
0.975609756097561
0.975609756097561
0.975609756097561
0.975609756097561
0.975609756097561
0.975609756097561
0.975609756097561
0.975609756097561
0.9850948509485095
