0.08669799249074613
0.11878564745919747
0.11878564745919747
0.11878564745919747
0.11878564745919747
0.1193255824979983
0.1193255824979983
0.1193255824979983
0.1193255824979983
0.1193255824979983
0.28023703716094034
0.28023703716094034
0.28023703716094034
0.6736842105263158
0.6736842105263158
0.6736842105263158
0.6736842105263158
0.8158159240972229
0.8158159240972229
0.8158159240972229
0.8158159240972229
0.8158159240972229
0.8158159240972229
0.8158159240972229
0.8158159240972229
0.8158159240972229
0.8158159240972229
0.8158159240972229
0.8158159240972229
0.8158159240972229
0.8158159240972229
0.8158159240972229
0.8158159240972229
0.8158159240972229
0.8158159240972229
0.8158159240972229
0.8158159240972229
0.8158159240972229
