0.2238763943725162
0.548
0.548
0.548
0.6653333333333333
0.6653333333333333
0.6653333333333333
0.6653333333333333
0.6754690272919337
0.6754690272919337
0.6754690272919337
0.6754690272919337
0.6754690272919337
0.6754690272919337
0.6786666666666666
0.6786666666666666
0.6786666666666666
0.6786666666666666
0.6786666666666666
0.6786666666666666
0.6786666666666666
0.6786666666666666
0.6786666666666666
0.6786666666666666
0.6786666666666666
0.6786666666666666
0.6786666666666666
0.6786666666666666
0.6786666666666666
0.6786666666666666
0.6786666666666666
0.6786666666666666
0.6786666666666666
0.6786666666666666
0.6786666666666666
0.6786666666666666
0.6786666666666666
0.6786666666666666
0.6786666666666666
0.6786666666666666
0.6786666666666666
0.6786666666666666
0.6786666666666666
0.6786666666666666
0.6786666666666666
0.6786666666666666
0.6786666666666666
0.6786666666666666
0.6786666666666666
0.6786666666666666
