0.09959076437247356
0.256338355247311
0.256338355247311
0.26393832585699956
0.26393832585699956
0.26393832585699956
0.32379634181658423
0.32379634181658423
0.32379634181658423
0.32379634181658423
0.39090747068626713
0.39090747068626713
0.39090747068626713
0.39090747068626713
0.39090747068626713
0.47676390458948575
0.47676390458948575
0.47676390458948575
0.47676390458948575
0.47676390458948575
0.47676390458948575
0.47676390458948575
0.47676390458948575
0.47676390458948575
0.47676390458948575
0.47676390458948575
0.5413928718934703
0.5413928718934703
0.5413928718934703
0.5413928718934703
0.5413928718934703
0.5413928718934703
0.5413928718934703
0.5413928718934703
0.5413928718934703
0.5413928718934703
0.5413928718934703
0.5413928718934703
0.5413928718934703
0.5413928718934703
0.5413928718934703
0.5413928718934703
0.5413928718934703
0.5413928718934703
0.6391890151441589
0.6391890151441589
0.8746556473829202
0.8746556473829202
0.8746556473829202
0.8746556473829202
