0.061766303429016484
0.061766303429016484
0.061766303429016484
0.10337622531541475
0.6978028463336442
0.6978028463336442
0.6978028463336442
0.6978028463336442
0.6978028463336442
0.6978028463336442
0.6978028463336442
0.6978028463336442
0.6978028463336442
0.6978028463336442
0.6978028463336442
0.6978028463336442
0.6978028463336442
0.6978028463336442
0.6978028463336442
0.6978028463336442
0.6978028463336442
0.6978028463336442
0.6978028463336442
0.6978028463336442
0.6978028463336442
0.6978028463336442
0.6978028463336442
0.6978028463336442
0.6978028463336442
0.6978028463336442
0.7904044584977377
0.7904044584977377
0.7904044584977377
0.7904044584977377
0.7904044584977377
0.7904044584977377
0.8162162162162163
0.8162162162162163
0.8162162162162163
0.8162162162162163
0.8162162162162163
0.8162162162162163
0.8162162162162163
0.8162162162162163
0.8162162162162163
0.8162162162162163
0.8162162162162163
0.8162162162162163
0.8792792792792793
0.8792792792792793
