0.032010012052401345
0.032010012052401345
0.03681988348563512
0.04836146988388565
0.06479841175592609
0.06479841175592609
0.06479841175592609
0.06479841175592609
0.06479841175592609
0.07192149112208022
0.07192149112208022
0.11399122502654792
0.11399122502654792
0.2943833388229487
0.30049438634611386
0.30049438634611386
0.3213158416251341
0.3213158416251341
0.3213158416251341
0.3213158416251341
0.3213158416251341
0.3581926027685404
0.3581926027685404
0.3581926027685404
0.3581926027685404
0.3581926027685404
0.4114607987773639
0.8940972222222222
0.8940972222222222
0.8940972222222222
0.8940972222222222
0.8940972222222222
0.9809027777777778
