0.04066707555267081
0.07053073739773116
0.093079718692958
0.11858149220650654
0.11858149220650654
0.11858149220650654
0.12159694636123686
0.31792134974806857
0.31792134974806857
0.31792134974806857
0.31792134974806857
0.31792134974806857
0.31792134974806857
0.31792134974806857
0.31792134974806857
0.31792134974806857
0.31792134974806857
0.31792134974806857
0.31792134974806857
0.31792134974806857
0.31792134974806857
0.31792134974806857
0.31792134974806857
0.31792134974806857
0.3648734089844872
0.36826839301832465
0.36826839301832465
0.36826839301832465
0.36826839301832465
0.36826839301832465
0.36826839301832465
0.36826839301832465
0.36826839301832465
0.36826839301832465
0.36826839301832465
0.36826839301832465
0.36826839301832465
0.36826839301832465
0.36826839301832465
0.36826839301832465
0.36826839301832465
0.36826839301832465
0.44060643871671745
0.44060643871671745
0.44060643871671745
0.856140350877193
0.856140350877193
0.856140350877193
0.856140350877193
0.856140350877193
