0.1839047164234143
0.1839047164234143
0.1839047164234143
0.210082517091586
0.21031259561637905
0.21031259561637905
0.3165609200428465
0.3165609200428465
0.3165609200428465
0.3165609200428465
0.3165609200428465
0.3165609200428465
0.3165609200428465
0.3165609200428465
0.3547532351301556
0.3547532351301556
0.3547532351301556
0.3547532351301556
0.3547532351301556
0.3547532351301556
0.3547532351301556
0.3547532351301556
0.3547532351301556
0.3547532351301556
0.3547532351301556
0.7544638672582523
0.7544638672582523
0.7544638672582523
0.7544638672582523
0.7544638672582523
0.7544638672582523
0.7544638672582523
0.7544638672582523
0.7544638672582523
0.7544638672582523
0.7544638672582523
0.9596226610687815
0.9596226610687815
0.9911366816980252
