0.10329361379232142
0.10428300470584363
0.37103407750679573
0.5844833312355164
0.5844833312355164
0.5844833312355164
0.5844833312355164
0.5844833312355164
0.5984769282301986
0.5984769282301986
0.5984769282301986
0.5984769282301986
0.5984769282301986
0.5984769282301986
0.9164750803248972
0.9164750803248972
0.9164750803248972
0.9164750803248972
0.9164750803248972
0.9164750803248972
0.9164750803248972
0.9164750803248972
0.9164750803248972
0.9164750803248972
0.9164750803248972
0.9164750803248972
0.9164750803248972
