0.030578067685176524
0.10931991313449972
0.10931991313449972
0.11905594612359238
0.11905594612359238
0.11905594612359238
0.11905594612359238
0.24869607027938687
0.24869607027938687
0.24869607027938687
0.24869607027938687
0.24869607027938687
0.24869607027938687
0.24869607027938687
0.24869607027938687
0.24869607027938687
0.24869607027938687
0.24869607027938687
0.24869607027938687
0.24869607027938687
0.24869607027938687
0.24869607027938687
0.24869607027938687
0.2890277595914199
0.2890277595914199
0.2890277595914199
0.31175194889969743
0.31175194889969743
0.31175194889969743
0.31175194889969743
0.31175194889969743
0.31175194889969743
0.31175194889969743
0.31175194889969743
0.31175194889969743
0.31175194889969743
0.31175194889969743
0.31175194889969743
0.31175194889969743
0.31175194889969743
0.31175194889969743
0.31175194889969743
0.31175194889969743
0.31175194889969743
0.3163768633575612
0.3163768633575612
0.3163768633575612
0.3163768633575612
0.4211762400612173
0.4211762400612173
