0.05722563735207132
0.05722563735207132
0.07845146345933761
0.07845146345933761
0.12279176014217959
0.7136840865165605
0.7136840865165605
0.7136840865165605
0.7136840865165605
0.7136840865165605
0.7136840865165605
0.7136840865165605
0.7136840865165605
0.7439851696617653
0.7439851696617653
0.7439851696617653
0.9085701740404447
0.9085701740404447
0.9085701740404447
0.9085701740404447
0.9085701740404447
0.9085701740404447
0.9085701740404447
0.9085701740404447
0.9085701740404447
0.9085701740404447
0.9085701740404447
0.9085701740404447
0.9085701740404447
0.9085701740404447
0.9085701740404447
0.9085701740404447
0.9085701740404447
0.9085701740404447
0.9085701740404447
0.9085701740404447
0.9085701740404447
0.9085701740404447
0.9085701740404447
0.9085701740404447
0.9085701740404447
0.9085701740404447
0.9085701740404447
0.9085701740404447
0.9085701740404447
0.9085701740404447
0.9085701740404447
0.9085701740404447
0.9085701740404447
0.9085701740404447
