0.019886644893357522
0.02770938132115586
0.02770938132115586
0.10409392009588815
0.17538189727089137
0.21282466355185195
0.21282466355185195
0.21282466355185195
0.21282466355185195
0.21282466355185195
0.21282466355185195
0.21282466355185195
0.21282466355185195
0.21282466355185195
0.21282466355185195
0.21282466355185195
0.21282466355185195
0.21282466355185195
0.21282466355185195
0.21282466355185195
0.21282466355185195
0.21282466355185195
0.21282466355185195
0.2690740433821746
0.27545910621577613
0.31332962593276176
0.31332962593276176
0.31332962593276176
0.31332962593276176
0.31332962593276176
0.31332962593276176
0.31332962593276176
0.31332962593276176
0.31332962593276176
0.31332962593276176
0.31332962593276176
0.31332962593276176
0.31332962593276176
0.31332962593276176
0.31332962593276176
0.31332962593276176
0.31332962593276176
0.31332962593276176
0.31332962593276176
0.31332962593276176
0.5140439430376278
0.5140439430376278
0.5140439430376278
0.5140439430376278
0.5140439430376278
