771.6882030963898
1059.5350925922394
990.4758954048157
1374.6430714130402
781.8079600334167
744.9849634170532
823.463573217392
620.0827219486237
628.5718188285828
615.2320919036865
967.872044801712
1969.856189250946
407.50304770469666
4408.428775072098
415.09230065345764
630.5754797458649
1204.958725452423
1896.5548748970032
262.0769782066345
321.4589467048645
1187.068086385727
528.0294413566589
460.13715076446533
546.8526272773743
1146.3653938770294
1455.3811702728271
1510.2280495166779
1381.004988193512
954.1436004638672
867.4949316978455
